table1.c
5727
5727
5727
5727
5727
5727
5727
5727
5727
5727
5727
5727
5058
5058
5058
5058
5058
5058
5058
5058
5058
5058
5058
5058
10164
10164
10164
10164
10164
10164
10164
10164
10164
10164
10164
10164
1534
1534
1534
1534
1534
1534
1534
1534
1534
1534
1534
1534
1318
1318
1318
1318
1318
1318
1318
1318
1318
1318
1318
1318
7063
7063
7063
7063
7063
7063
7063
7063
7063
7063
7063
7063
4549
4549
4549
4549
4549
4549
4549
4549
4549
4549
4549
4549
10519
10519
10519
10519
10519
10519
10519
10519
10519
10519
10519
10519
9020
9020
9020
9020
9020
9020
9020
9020
9020
9020
9020
9020
3668
3668
3668
3668
3668
3668
3668
3668
3668
3668
3668
3668
5727
5727
5727
5727
5727
5727
5727
5727
5727
5727
5727
5727
1318
1318
1318
1318
1318
1318
1318
1318
1318
1318
1318
1318
